9 0.311719 0.397917 0.081250 0.131944
9 0.316016 0.472222 0.130469 0.061111
9 0.302344 0.536111 0.118750 0.066667
9 0.311328 0.583333 0.097656 0.133333
9 0.310547 0.636806 0.099219 0.129167
9 0.349609 0.640972 0.077344 0.137500
9 0.387109 0.652083 0.077344 0.151389
9 0.399609 0.732639 0.067969 0.173611
9 0.471094 0.738889 0.087500 0.147222
9 0.517578 0.711111 0.121094 0.183333
9 0.381641 0.354861 0.067969 0.190278
9 0.508203 0.332639 0.222656 0.184722
9 0.560156 0.545139 0.120312 0.134722
9 0.596875 0.573611 0.103125 0.119444
9 0.613672 0.622917 0.086719 0.143056
9 0.586328 0.463194 0.177344 0.137500
9 0.457031 0.478472 0.203125 0.226389
9 0.458984 0.573611 0.083594 0.208333
