9 0.319141 0.422917 0.085156 0.145833
9 0.363672 0.406250 0.082031 0.156944
9 0.388672 0.364583 0.078906 0.184722
9 0.430078 0.330556 0.039844 0.158333
9 0.433984 0.430556 0.078906 0.158333
9 0.464063 0.347222 0.039063 0.141667
9 0.490234 0.309722 0.036719 0.133333
9 0.492578 0.416667 0.086719 0.133333
9 0.519141 0.336111 0.080469 0.116667
9 0.504297 0.452083 0.078906 0.165278
9 0.543359 0.430556 0.052344 0.180556
9 0.580859 0.457639 0.047656 0.162500
9 0.641406 0.470139 0.075000 0.162500
9 0.602734 0.313889 0.078906 0.133333
9 0.595703 0.350000 0.085156 0.150000
