9 0.325781 0.562500 0.095312 0.169444
9 0.390234 0.545833 0.078906 0.161111
9 0.308594 0.520833 0.128125 0.061111
9 0.299219 0.474306 0.112500 0.084722
9 0.317578 0.413194 0.085156 0.148611
9 0.362891 0.406250 0.088281 0.156944
9 0.395312 0.359722 0.079687 0.183333
9 0.443750 0.418750 0.089062 0.151389
9 0.430859 0.331944 0.038281 0.175000
9 0.463281 0.361806 0.042188 0.168056
9 0.492969 0.310417 0.046875 0.145833
9 0.525781 0.327778 0.067188 0.119444
9 0.488281 0.423611 0.085938 0.122222
9 0.504297 0.457639 0.082031 0.179167
9 0.539063 0.441667 0.048437 0.166667
9 0.585156 0.454861 0.046875 0.140278
9 0.645312 0.470139 0.065625 0.151389
9 0.602734 0.322917 0.077344 0.145833
9 0.590625 0.352778 0.079687 0.130556
